1081155847
1108337322
1147719329
1176069503
1195390187
1320682353
1322029350
1350649796
1363299467
1425192451
1486717655
1499295602
1586668438
1624775135
1653541003
1668373377
1678048660
1678184161
1703052007
1705405282
1857616057
1885143751
1889736718
1941251589
1947483502
1954301044
2054188429
247092751
407448422
458984221
484502693
5134138287
5142617435
5178412566
5366632772
5385312618
5464614885
5482411003
5507027005
5575775083
5722946984
5726397101
5744370038
5757799743
5869977710
5881666389
5920844499
5942543776
6045324325
6150188515
6310575986
6348824977
6363175948
648334651
6522093954
6619099194
6682067902
6733128089
6742492871
6758681559
6764906228
6775445973
6795157692
6821904322
6860360178
6890251089
6955106536
6992267268
7146107454
7312573418
7385990290
7426244244
7520573116
7606639306
7617388261
7706452358
7762624176
7772947960
7808787087
8073493005
974111782